0,5 0,25 0,2 0,25 1 1 0,16 0,12
0,25 0,25 0,12 0,5 1 0 0,08 0,12
0,5 0,25 0,2 0,5 1 1 0,24 0,2
0,75 0,25 0,24 0,5 1 1 0,28 0,16
0,25 0 0,12 0,25 0 1 0,12 0,08
0,5 0,25 0,16 0,5 1 1 0,16 0,12
0,5 0,25 0,16 0,25 0 0 0,16 0,08
0,5 0,25 0,2 0,25 1 1 0,2 0,12
0,75 0,25 0,28 0,5 1 1 0,24 0,2
0,25 0 0,12 0,25 0 0 0,16 0,08
0,25 0,25 0,12 0,25 1 0 0,08 0,08
0,5 0,25 0,2 0,25 1 0 0,16 0,12
0,75 0,5 0,6 1 1 1 1 0,4
0,5 0,25 0,16 0,5 1 0 0,12 0,16
0,25 0,25 0,16 0,25 1 1 0,16 0,12
0,25 0,25 0,12 0,25 1 0 0,12 0,08
0,5 0,25 0,16 0,5 0 0 0,2 0,12
0,5 0,25 0,2 0,5 1 0 0,16 0,12
0,25 0 0,12 0,25 0 0 0,16 0,08
0,25 0,25 0,12 0,25 1 1 0,12 0,08
0,25 0 0,08 0 0 0 0,08 0,08
0,25 0 0,12 0,25 1 1 0,12 0,08
0,5 0,25 0,2 0,5 1 1 0,32 0,12
0,75 0,75 0,4 0,75 1 1 0,32 0,28
0,5 0,25 0,16 0,25 1 1 0,16 0,12
0,5 0,75 0,32 0,5 1 1 0,24 0,24
0,25 0 0,12 0,25 1 1 0,12 0,08
0 0,25 0,16 0,25 1 1 0,2 0,08
0,25 0,25 0,16 0,5 1 1 0,12 0,08
0,75 1 0,4 0,75 1 1 0,28 0,36
0,5 0,25 0,16 0,25 0 1 0,12 0,12
0,5 0,25 0,16 0,25 1 1 0,2 0,08
0,25 0,25 0,16 0,5 1 1 0,2 0,12
0,5 0,25 0,2 0,25 1 1 0,16 0,12
0,5 0,25 0,16 0,25 1 1 0,12 0,12
0,5 0,25 0,24 0,5 1 1 0,32 0,2
0,25 0 0,12 0,25 1 1 0,08 0,08
0,25 0,25 0,12 0,25 1 1 0,08 0,08
0,5 0,75 0,4 0,5 1 1 0,32 0,36
0,25 0,25 0,16 0,5 1 1 0,16 0,12
0,5 0,25 0,2 0,5 1 1 0,16 0,12
0,25 0,25 0,16 0,25 0 0 0,16 0,12
0,25 0,25 0,16 0,25 1 0 0,12 0,08
0,5 0,25 0,2 0,5 1 1 0,16 0,16
0,5 0,25 0,24 0,75 1 1 0,24 0,16
0,5 0,25 0,24 0,5 1 1 0,24 0,16
0 0 0,12 0,25 0 0 0,2 0,08
0,25 0,25 0,16 0,5 0 0 0,16 0,12
0,25 0 0,12 0,25 1 1 0,24 0,12
0,25 0,25 0,16 0,25 0 0 0,12 0,08
0,75 0,5 0,2 0,5 0 0 0,2 0,16
0,25 0,25 0,16 0,5 0 0 0,16 0,12
0,25 0,25 0,16 0,5 1 1 0,24 0,12
0,5 0,25 0,16 0,5 1 0 0,16 0,08
0,25 0,25 0,12 0,25 0 0 0,12 0,08
0,5 0,25 0,2 0,25 0 1 0,2 0,12
0,5 0,25 0,2 0,5 1 1 0,2 0,2
0,5 0,25 0,28 0,5 1 1 0,24 0,24
0,5 0,25 0,2 0,5 1 1 0,16 0,12
0,75 0,25 0,24 0,5 1 1 0,32 0,16
0,5 0,25 0,12 0,25 0 0 0,12 0,08
0,25 0 0,12 0,25 0 0 0,12 0,08
0,25 0 0,12 0,25 1 0 0,12 0,08
0,25 0,25 0,12 0,25 0 0 0,08 0,08
0,25 0,25 0,12 0,25 0 0 0,08 0,08
0,25 0,25 0,12 0,25 1 1 0,12 0,08
0,25 0,25 0,12 0,25 1 1 0,12 0,08
0,25 0,25 0,12 0,25 1 1 0,12 0,08
0,25 0,25 0,12 0,25 1 1 0,12 0,08
0,5 0,25 0,12 0,25 1 1 0,16 0,08
0,5 0,25 0,12 0,25 1 1 0,16 0,08
0,25 0,25 0,16 0,5 1 1 0,16 0,08
0,25 0,25 0,12 0,25 1 1 0,08 0,08
0,5 0,25 0,12 0,25 1 1 0,12 0,08
0,5 0,25 0,12 0,5 1 1 0,12 0,08
0 0,25 0,12 0,25 1 1 0,16 0,08
0,5 0,25 0,12 0,25 0 0 0,12 0,08
0,25 0,25 0,12 0,25 1 0 0,16 0,08
0,25 0 0,12 0,25 1 0 0,16 0,08
0,25 0,25 0,12 0,25 1 0 0,12 0,08
0,25 0 0,12 0,25 0 0 0,2 0,08
0,25 0 0,16 0,25 0 0 0,24 0,08
0,5 0,25 0,2 0,25 1 0 0,32 0,12
0,5 0,25 0,2 0,25 1 1 0,2 0,12
0,5 0,25 0,28 0,25 0 0 0,2 0,12
0,25 0 0,2 0 0 0 0,24 0,08
0,25 0 0,12 0,25 0 1 0,12 0,08
0,25 0,25 0,12 0,25 1 0 0,12 0,08
0,75 1 0,84 0 1 1 0,76 1
0,5 0,25 0,76 0,75 1 0 0,48 0,64
0,5 0,75 0,6 1 1 1 0,68 0,56
0,5 0,75 0,4 0,5 1 1 0,32 0,44
0,75 0,75 0,32 0,5 1 1 0,24 0,36
0,5 0,5 0,48 0,5 1 0 0,48 0,28
0,5 0,75 0,32 0,75 1 1 0,24 0,24
0,5 0,25 0,28 0,75 1 0 0,24 0,2
0,5 0,25 0,2 0,5 1 1 0,24 0,2
0,75 0,5 0,24 0,5 1 1 0,24 0,16
0,25 0,25 0,16 0,25 1 0 0,2 0,12
0,25 0,25 0,12 0,25 1 1 0,16 0,08
0,25 0,25 0 0,25 1 0 0,16 0,08
0,5 0,75 0 0,5 1 1 0,24 0,28
0,5 0,25 0,2 0,5 1 0 0,28 0,12
0,75 0,75 0,4 1 1 1 0,36 0,52
0,5 0 0 0,25 0 1 0,12 0,08
0,75 0,75 0,32 0,5 1 1 0,28 0,32
0,25 0 0,12 0,25 1 0 0,12 0,08
0,25 0,25 0 0,25 1 0 0,12 0,12
0,5 0,75 0 0,75 1 1 0,36 0,32
0,5 0,5 0,28 0,5 1 0 0,2 0,2
0,75 0,5 0,36 0,5 1 1 0,4 0,28
0,25 0 0,12 0,25 0 0 0,16 0,08
0,5 0,25 0,28 0,5 1 1 0,2 0,28
0,5 0,75 0,32 0,5 1 1 0,24 0,24
0,25 0 0,12 0,25 0 0 0,12 0,08
0,25 0,25 0,16 0,5 1 0 0,16 0,12
0,75 0,5 0 0,5 1 0 0,2 0,16
0,25 0 0,12 0,25 1 0 0,16 0,12
0,5 0,25 0,2 0,5 1 1 0,24 0,12
0,25 0 0,16 0,25 1 0 0,2 0,12
